crossing time (s)	slope (V/s)	crossing number
281474976710655.000000	13.385287	11130	429929496576.000000
281474976710655.000000	5.888127	11131	429930512384.000000
281474976710655.000000	14.176139	11132	429931560960.000000
281474976710655.000000	14.488600	11133	429932576768.000000
281474976710655.000000	8.174489	11134	429933658112.000000
281474976710655.000000	10.723554	11135	429934641152.000000
281474976710655.000000	7.676547	11136	429935722496.000000
281474976710655.000000	9.565693	11137	429936738304.000000
281474976710655.000000	8.921869	11138	429937819648.000000
281474976710655.000000	9.385798	11139	429938835456.000000
281474976710655.000000	8.927401	11140	429939884032.000000
281474976710655.000000	11.022600	11141	429940899840.000000
281474976710655.000000	8.212558	11142	429941981184.000000
281474976710655.000000	10.337799	11143	429942996992.000000
281474976710655.000000	9.048828	11144	429944078336.000000
281474976710655.000000	10.492432	11145	429945061376.000000
281474976710655.000000	9.903349	11146	429946142720.000000
281474976710655.000000	11.043447	11147	429947158528.000000
281474976710655.000000	8.283372	11148	429948239872.000000
281474976710655.000000	12.467946	11149	429949222912.000000
281474976710655.000000	11.979671	11150	429950337024.000000
281474976710655.000000	9.705963	11151	429951320064.000000
281474976710655.000000	9.170129	11152	429952401408.000000
281474976710655.000000	10.835145	11153	429953384448.000000
281474976710655.000000	11.347289	11154	429954465792.000000
281474976710655.000000	13.817595	11155	429955448832.000000
281474976710655.000000	10.859095	11156	429956562944.000000
281474976710655.000000	9.498230	11157	429957545984.000000
281474976710655.000000	14.273582	11158	429958627328.000000
281474976710655.000000	12.854645	11159	429959643136.000000
281474976710655.000000	8.070901	11160	429960724480.000000
281474976710655.000000	17.942841	11161	429961707520.000000
281474976710655.000000	10.185228	11162	429962821632.000000
281474976710655.000000	14.689246	11163	429963804672.000000
281474976710655.000000	10.502575	11164	429964886016.000000
281474976710655.000000	9.932885	11165	429965869056.000000
281474976710655.000000	10.441980	11166	429966983168.000000
281474976710655.000000	11.428010	11167	429967966208.000000
281474976710655.000000	10.418516	11168	429969047552.000000
281474976710655.000000	12.960834	11169	429970030592.000000
281474976710655.000000	12.370916	11170	429971144704.000000
281474976710655.000000	13.669478	11171	429972127744.000000
281474976710655.000000	8.736350	11172	429973209088.000000
281474976710655.000000	10.333618	11173	429974192128.000000
281474976710655.000000	10.113728	11174	429975306240.000000
281474976710655.000000	14.054770	11175	429976289280.000000
281474976710655.000000	10.590213	11176	429977370624.000000
281474976710655.000000	12.070767	11177	429978386432.000000
281474976710655.000000	12.504300	11178	429979467776.000000
281474976710655.000000	11.246759	11179	429980450816.000000
281474976710655.000000	11.881480	11180	429981532160.000000
281474976710655.000000	13.803676	11181	429982547968.000000
281474976710655.000000	13.236629	11182	429983629312.000000
281474976710655.000000	11.471656	11183	429984645120.000000
281474976710655.000000	12.791516	11184	429985693696.000000
281474976710655.000000	12.799859	11185	429986709504.000000
281474976710655.000000	12.071775	11186	429987790848.000000
281474976710655.000000	13.768497	11187	429988806656.000000
281474976710655.000000	11.879693	11188	429989855232.000000
281474976710655.000000	10.686906	11189	429990871040.000000
281474976710655.000000	16.025541	11190	429991952384.000000
281474976710655.000000	12.731968	11191	429992968192.000000
281474976710655.000000	12.680660	11192	429994016768.000000
281474976710655.000000	12.492085	11193	429995032576.000000
281474976710655.000000	14.091109	11194	429996113920.000000
281474976710655.000000	12.790606	11195	429997129728.000000
281474976710655.000000	9.429309	11196	429998178304.000000
281474976710655.000000	12.922985	11197	429999194112.000000
281474976710655.000000	19.582201	11198	430000275456.000000
281474976710655.000000	16.456789	11199	430001291264.000000
281474976710655.000000	10.672489	11200	430002339840.000000
281474976710655.000000	12.354797	11201	430003355648.000000
281474976710655.000000	20.708372	11202	430004436992.000000
281474976710655.000000	20.318691	11203	430005452800.000000
281474976710655.000000	8.952520	11204	430006501376.000000
281474976710655.000000	12.906760	11205	430007549952.000000
281474976710655.000000	22.685740	11206	430008598528.000000
281474976710655.000000	26.570623	11207	430009614336.000000
281474976710655.000000	10.052511	11208	430010695680.000000
281474976710655.000000	16.865295	11209	430011711488.000000
281474976710655.000000	16.243065	11210	430012760064.000000
281474976710655.000000	15.763649	11211	430013775872.000000
281474976710655.000000	12.762299	11212	430014857216.000000
281474976710655.000000	17.476355	11213	430015840256.000000
281474976710655.000000	13.454964	11214	430016921600.000000
281474976710655.000000	16.712982	11215	430017937408.000000
281474976710655.000000	16.897902	11216	430019018752.000000
281474976710655.000000	19.008465	11217	430020001792.000000
281474976710655.000000	16.615444	11218	430021115904.000000
281474976710655.000000	13.078463	11219	430022098944.000000
281474976710655.000000	18.524044	11220	430023180288.000000
281474976710655.000000	14.717652	11221	430024163328.000000
281474976710655.000000	15.368532	11222	430025277440.000000
281474976710655.000000	16.150131	11223	430026260480.000000
281474976710655.000000	12.714765	11224	430027341824.000000
281474976710655.000000	14.004296	11225	430028357632.000000
281474976710655.000000	16.313889	11226	430029438976.000000
281474976710655.000000	26.366251	11227	430030422016.000000
281474976710655.000000	14.484886	11228	430031503360.000000
281474976710655.000000	13.823239	11229	430032519168.000000
281474976710655.000000	20.241825	11230	430033600512.000000
281474976710655.000000	20.870451	11231	430034583552.000000
281474976710655.000000	13.032252	11232	430035664896.000000
281474976710655.000000	18.466587	11233	430036680704.000000
281474976710655.000000	19.481787	11234	430037762048.000000
281474976710655.000000	18.888136	11235	430038745088.000000
281474976710655.000000	14.686708	11236	430039826432.000000
281474976710655.000000	24.993364	11237	430040842240.000000
281474976710655.000000	15.574327	11238	430041923584.000000
281474976710655.000000	14.854527	11239	430042939392.000000
281474976710655.000000	15.403938	11240	430043987968.000000
281474976710655.000000	12.841970	11241	430045003776.000000
281474976710655.000000	13.394098	11242	430046085120.000000
281474976710655.000000	21.893621	11243	430047100928.000000
281474976710655.000000	27.062069	11244	430048149504.000000
281474976710655.000000	16.880152	11245	430049165312.000000
281474976710655.000000	13.533370	11246	430050246656.000000
281474976710655.000000	19.848707	11247	430051262464.000000
281474976710655.000000	19.546854	11248	430052311040.000000
281474976710655.000000	22.758806	11249	430053326848.000000
281474976710655.000000	23.174475	11250	430054408192.000000
281474976710655.000000	14.466911	11251	430055424000.000000
281474976710655.000000	15.073934	11252	430056472576.000000
281474976710655.000000	18.287622	11253	430057521152.000000
281474976710655.000000	32.101398	11254	430058569728.000000
281474976710655.000000	16.166061	11255	430059585536.000000
281474976710655.000000	16.012503	11256	430060634112.000000
281474976710655.000000	13.965803	11257	430061682688.000000
281474976710655.000000	18.453394	11258	430062731264.000000
281474976710655.000000	27.370647	11259	430063747072.000000
281474976710655.000000	22.998936	11260	430064828416.000000
281474976710655.000000	24.076780	11261	430065844224.000000
281474976710655.000000	23.499994	11262	430066892800.000000
281474976710655.000000	32.845722	11263	430067908608.000000
281474976710655.000000	19.582539	11264	430068989952.000000
281474976710655.000000	17.568670	11265	430070005760.000000
281474976710655.000000	15.145913	11266	430071054336.000000
281474976710655.000000	20.499594	11267	430072102912.000000
281474976710655.000000	18.713793	11268	430073151488.000000
281474976710655.000000	22.480328	11269	430074167296.000000
281474976710655.000000	18.477268	11270	430075215872.000000
281474976710655.000000	21.742359	11271	430076264448.000000
281474976710655.000000	18.072699	11272	430077313024.000000
281474976710655.000000	17.607935	11273	430078328832.000000
281474976710655.000000	21.698887	11274	430079410176.000000
281474976710655.000000	25.897751	11275	430080425984.000000
281474976710655.000000	37.512825	11276	430081474560.000000
281474976710655.000000	16.595455	11277	430082490368.000000
281474976710655.000000	21.401384	11278	430083571712.000000
281474976710655.000000	50.710922	11279	430084587520.000000
281474976710655.000000	15.684086	11280	430085636096.000000
281474976710655.000000	17.922298	11281	430086651904.000000
281474976710655.000000	25.045141	11282	430087733248.000000
281474976710655.000000	26.083719	11283	430088749056.000000
281474976710655.000000	14.530221	11284	430089797632.000000
281474976710655.000000	21.827459	11285	430090813440.000000
281474976710655.000000	18.304157	11286	430091894784.000000
281474976710655.000000	38.321754	11287	430092910592.000000
281474976710655.000000	13.652236	11288	430093991936.000000
281474976710655.000000	24.762495	11289	430094974976.000000
281474976710655.000000	23.810495	11290	430096056320.000000
281474976710655.000000	51.650249	11291	430097072128.000000
281474976710655.000000	25.653585	11292	430098153472.000000
281474976710655.000000	25.127201	11293	430099136512.000000
281474976710655.000000	23.665163	11294	430100217856.000000
281474976710655.000000	27.957418	11295	430101233664.000000
281474976710655.000000	22.304539	11296	430102315008.000000
281474976710655.000000	17.348412	11297	430103330816.000000
281474976710655.000000	24.744684	11298	430104379392.000000
281474976710655.000000	24.249645	11299	430105395200.000000
281474976710655.000000	18.398617	11300	430106476544.000000
281474976710655.000000	16.193434	11301	430107492352.000000
281474976710655.000000	25.906029	11302	430108540928.000000
281474976710655.000000	20.515308	11303	430109556736.000000
281474976710655.000000	19.856401	11304	430110638080.000000
281474976710655.000000	22.981009	11305	430111653888.000000
281474976710655.000000	27.193779	11306	430112702464.000000
281474976710655.000000	24.706459	11307	430113718272.000000
281474976710655.000000	28.882580	11308	430114799616.000000
281474976710655.000000	17.108259	11309	430115815424.000000
281474976710655.000000	17.273174	11310	430116864000.000000
281474976710655.000000	55.776257	11311	430117912576.000000
281474976710655.000000	14.682392	11312	430118961152.000000
281474976710655.000000	17.721708	11313	430119976960.000000
281474976710655.000000	27.039991	11314	430121025536.000000
281474976710655.000000	27.248167	11315	430122074112.000000
281474976710655.000000	29.857771	11316	430123122688.000000
281474976710655.000000	11.920987	11317	430124138496.000000
281474976710655.000000	26.472206	11318	430125219840.000000
281474976710655.000000	Inf	11319	430126235648.000000
281474976710655.000000	24.482260	11320	430127284224.000000
281474976710655.000000	15.171102	11321	430128300032.000000
281474976710655.000000	42.816002	11322	430129381376.000000
281474976710655.000000	29.327953	11323	430130397184.000000
281474976710655.000000	23.833061	11324	430131445760.000000
281474976710655.000000	44.141525	11325	430132494336.000000
281474976710655.000000	18.592571	11326	430133542912.000000
281474976710655.000000	25.576252	11327	430134558720.000000
281474976710655.000000	28.585377	11328	430135607296.000000
281474976710655.000000	28.158875	11329	430136655872.000000
281474976710655.000000	28.898428	11330	430137704448.000000
281474976710655.000000	28.481747	11331	430138720256.000000
281474976710655.000000	13.605241	11332	430139801600.000000
281474976710655.000000	57.340561	11333	430140817408.000000
281474976710655.000000	18.482803	11334	430141865984.000000
281474976710655.000000	29.143997	11335	430142881792.000000
281474976710655.000000	26.711567	11336	430143963136.000000
281474976710655.000000	26.756039	11337	430144978944.000000
281474976710655.000000	20.597645	11338	430146027520.000000
281474976710655.000000	17.060347	11339	430147043328.000000
281474976710655.000000	28.859343	11340	430148124672.000000
281474976710655.000000	60.027157	11341	430149140480.000000
281474976710655.000000	28.861570	11342	430150189056.000000
281474976710655.000000	19.248228	11343	430151204864.000000
281474976710655.000000	21.180357	11344	430152286208.000000
281474976710655.000000	29.151566	11345	430153302016.000000
281474976710655.000000	13.216402	11346	430154383360.000000
281474976710655.000000	20.009882	11347	430155366400.000000
281474976710655.000000	59.960125	11348	430156447744.000000
281474976710655.000000	64.395958	11349	430157463552.000000
281474976710655.000000	26.994459	11350	430158544896.000000
281474976710655.000000	65.263245	11351	430159560704.000000
281474976710655.000000	22.799316	11352	430160609280.000000
281474976710655.000000	15.487055	11353	430161625088.000000
281474976710655.000000	27.182341	11354	430162706432.000000
281474976710655.000000	21.993914	11355	430163722240.000000
281474976710655.000000	28.299089	11356	430164770816.000000
281474976710655.000000	29.851753	11357	430165786624.000000
281474976710655.000000	31.327709	11358	430166867968.000000
281474976710655.000000	29.880827	11359	430167883776.000000
281474976710655.000000	21.717861	11360	430168932352.000000
281474976710655.000000	Inf	11361	430169948160.000000
281474976710655.000000	28.605740	11362	430171029504.000000
281474976710655.000000	16.425629	11363	430172045312.000000
281474976710655.000000	17.069466	11364	430173093888.000000
281474976710655.000000	27.533365	11365	430174142464.000000
281474976710655.000000	18.492420	11366	430175191040.000000
281474976710655.000000	62.288040	11367	430176206848.000000
281474976710655.000000	16.822613	11368	430177255424.000000
281474976710655.000000	29.595558	11369	430178304000.000000
281474976710655.000000	55.219582	11370	430179352576.000000
281474976710655.000000	34.856083	11371	430180368384.000000
281474976710655.000000	70.604233	11372	430181416960.000000
281474976710655.000000	46.506271	11373	430182465536.000000
281474976710655.000000	64.300377	11374	430183514112.000000
281474976710655.000000	32.887276	11375	430184529920.000000
281474976710655.000000	19.921900	11376	430185611264.000000
281474976710655.000000	24.443090	11377	430186627072.000000
281474976710655.000000	34.611656	11378	430187675648.000000
281474976710655.000000	24.249144	11379	430188724224.000000
281474976710655.000000	22.210310	11380	430189772800.000000
281474976710655.000000	34.487301	11381	430190788608.000000
281474976710655.000000	33.402988	11382	430191837184.000000
281474976710655.000000	34.577202	11383	430192885760.000000
281474976710655.000000	29.528074	11384	430193934336.000000
281474976710655.000000	33.576233	11385	430194950144.000000
281474976710655.000000	33.763062	11386	430195998720.000000
281474976710655.000000	32.203152	11387	430197047296.000000
281474976710655.000000	66.215851	11388	430198095872.000000
281474976710655.000000	34.553230	11389	430199111680.000000
281474976710655.000000	67.448898	11390	430200193024.000000
281474976710655.000000	73.030594	11391	430201208832.000000
281474976710655.000000	35.431026	11392	430202257408.000000
281474976710655.000000	35.564346	11393	430203273216.000000
281474976710655.000000	40.759624	11394	430204354560.000000
281474976710655.000000	33.495850	11395	430205370368.000000
281474976710655.000000	70.952835	11396	430206418944.000000
281474976710655.000000	70.596115	11397	430207434752.000000
281474976710655.000000	64.438667	11398	430208516096.000000
281474976710655.000000	37.697624	11399	430209531904.000000
281474976710655.000000	Inf	11400	430210580480.000000
281474976710655.000000	38.029854	11401	430211629056.000000
281474976710655.000000	Inf	11402	430212677632.000000
281474976710655.000000	36.725861	11403	430213693440.000000
281474976710655.000000	15.848009	11404	430214774784.000000
281474976710655.000000	37.755867	11405	430215790592.000000
281474976710655.000000	36.509846	11406	430216839168.000000
281474976710655.000000	39.525440	11407	430217854976.000000
281474976710655.000000	17.249125	11408	430218936320.000000
281474976710655.000000	39.529125	11409	430219952128.000000
281474976710655.000000	39.108757	11410	430221000704.000000
281474976710655.000000	15.561728	11411	430222016512.000000
281474976710655.000000	23.833359	11412	430223097856.000000
281474976710655.000000	38.644569	11413	430224113664.000000
281474976710655.000000	25.081839	11414	430225162240.000000
281474976710655.000000	39.269054	11415	430226178048.000000
281474976710655.000000	34.661304	11416	430227259392.000000
281474976710655.000000	41.019665	11417	430228275200.000000
281474976710655.000000	26.575073	11418	430229323776.000000
281474976710655.000000	37.818012	11419	430230372352.000000
281474976710655.000000	18.033318	11420	430231420928.000000
281474976710655.000000	41.478813	11421	430232436736.000000
281474976710655.000000	36.588314	11422	430233485312.000000
281474976710655.000000	18.547613	11423	430234533888.000000
281474976710655.000000	37.236355	11424	430235582464.000000
281474976710655.000000	21.882505	11425	430236598272.000000
281474976710655.000000	Inf	11426	430237646848.000000
