num crossings	time (s)	maj axis (mm)	min axis (mm)	theta (rad )	slope (V/s)
6635	425255.553342	38.050712	-12.369143	4.678151	17.861344
6637	425257.629736	35.612107	-14.988165	4.651365	20.189028
6639	425259.713179	38.017619	-12.326053	4.669166	18.192649
6641	425261.799486	39.006287	-12.648577	4.672935	15.988684
6643	425263.869305	38.060060	-11.881309	4.708503	19.921395
6645	425265.957138	38.730663	-11.990643	4.692724	13.714606
6647	425268.046327	38.568304	-13.796248	4.701197	17.353249
6649	425270.123742	37.974506	-12.046358	4.693794	17.274943
6651	425272.205546	36.096618	-15.890873	4.665602	14.460122
6653	425274.282979	38.233045	-11.994694	4.665889	17.829991
6655	425276.380322	38.874815	-12.499799	4.658791	14.262362
6657	425278.450022	38.208974	-12.132720	4.662482	18.445912
6659	425280.530727	38.431020	-11.676485	4.670756	16.289108
6661	425282.622905	37.764060	-11.902749	4.658623	17.261764
6663	425284.706349	40.607963	-11.868873	4.675999	16.523923
6665	425286.788172	37.002121	-15.551878	4.656163	15.191014
6667	425288.866646	40.382622	12.394921	4.657669	16.610316
6669	425290.944195	39.799973	-11.574333	4.674359	18.400988
6671	425293.027086	37.666490	-14.627164	4.651159	14.944659
6673	425295.108526	40.957011	11.636110	4.665538	16.626885
6675	425297.193775	40.545759	11.624120	4.665342	15.072430
6677	425299.273943	40.230901	-11.514163	4.682242	18.541393
6679	425301.359690	38.838776	-11.470048	4.661067	15.156667
6681	425303.445593	37.337624	-15.343165	4.649269	17.307718
6683	425305.529218	40.591034	12.260381	4.668866	15.439566
6685	425307.616161	39.288449	-11.173889	4.658350	15.077102
6687	425309.689605	39.261839	-11.369281	4.652698	18.175748
6689	425311.771247	38.985359	-11.241380	4.642025	15.260228
6691	425313.857887	40.638375	11.708090	4.653089	17.697247
6693	425315.943551	39.341314	-10.965701	4.652673	18.644270
6695	425318.027400	41.390442	-13.097622	4.672482	15.862650
6697	425320.100649	42.127662	11.806538	4.656551	18.078621
6699	425322.187027	40.381632	11.427869	4.644464	15.582836
6701	425324.275443	38.491040	-10.802094	4.654265	18.176038
6703	425326.359376	41.076089	11.153228	4.650713	18.091179
6705	425328.438802	40.816191	11.362177	4.638264	16.546016
6707	425330.515716	41.466689	11.305604	4.649257	18.258306
6709	425332.596562	39.633003	-10.846872	4.638699	16.638739
6711	425334.678968	39.502172	-10.998690	4.630418	18.595949
6713	425336.759272	39.596026	-10.794603	4.639815	16.131774
6715	425338.845945	38.603250	-10.942394	4.629513	16.436185
6717	425340.926403	39.003789	-10.689503	4.655685	18.487818
6719	425343.009217	39.648031	-10.768618	4.638607	17.504557
6721	425345.094614	40.435052	-10.636626	4.645586	16.872864
6723	425347.181732	39.874350	-10.921431	4.643520	17.517482
6725	425349.266683	39.350491	-10.635576	4.623917	19.318460
6727	425351.348249	39.269352	-10.484930	4.625142	16.704748
6729	425353.426159	39.345453	-10.480005	4.652039	16.441602
6731	425355.504374	40.071981	-10.367832	4.657959	18.039819
6733	425357.589785	39.876389	-10.626810	4.648041	17.282110
6735	425359.680797	39.969409	-10.576092	4.624129	16.847248
6737	425361.761441	39.859133	-10.408516	4.621392	18.613037
6739	425363.841835	41.192133	-10.238666	4.644177	16.603528
6741	425365.919949	39.911135	-10.459011	4.630829	19.891020
6743	425367.999266	38.615085	-13.718268	4.616582	17.584089
6745	425370.087354	40.243678	-10.232636	4.624802	16.200016
6747	425372.172988	40.373292	-10.393785	4.634421	20.563678
6749	425374.254642	39.548220	-10.337580	4.616824	21.055836
6751	425376.338809	42.340993	10.685718	4.630783	18.112631
6753	425378.422939	42.414842	11.030447	4.645889	17.917743
6755	425380.507324	40.549827	-10.080512	4.616273	17.972192
6757	425382.584657	39.605221	-12.609026	4.633279	19.450579
6759	425384.664197	42.188003	10.524600	4.617915	18.284441
6761	425386.746849	42.206668	10.671275	4.615247	17.611332
6763	425388.826262	40.666079	-10.040865	4.606470	17.067221
6765	425390.909662	40.270770	-10.065837	4.604748	19.194745
6767	425392.995590	42.436489	10.785252	4.628332	17.585342
6769	425395.083800	40.653669	-9.828320	4.610686	18.407655
6771	425397.165901	39.704619	-13.028729	4.580897	17.980428
6773	425399.245274	42.888030	11.367735	4.629945	17.869064
6775	425401.323461	40.984900	-9.568291	4.606795	19.937238
6777	425403.403195	41.881966	-9.966546	4.624070	19.997391
6779	425405.489534	38.757066	-13.286810	4.603248	19.707981
6781	425407.573620	41.160619	-9.756480	4.595042	18.978656
6783	425409.660116	41.524154	-9.514292	4.623804	19.858175
6785	425411.745320	41.152651	-9.814909	4.601865	18.224714
6787	425413.825894	40.718828	-9.902423	4.593623	17.229647
6789	425415.908726	42.906986	10.070385	4.600717	18.502354
6791	425417.991106	39.516928	-9.632645	4.597328	20.185521
6793	425420.072203	42.877106	9.948244	4.603073	19.621908
6795	425422.154342	41.190639	-9.460128	4.593936	18.017319
6797	425424.238833	41.357860	-9.546144	4.592409	18.715212
6799	425426.322312	40.764301	-9.668800	4.589499	19.678158
6801	425428.404127	41.601180	-9.484839	4.581961	20.203724
6803	425430.486167	41.390278	-9.344537	4.588079	18.488236
6805	425432.567789	41.688766	-9.462276	4.588888	18.671342
6807	425434.647044	38.598563	-13.163398	4.586741	20.272286
6809	425436.725269	42.361989	-9.242403	4.606498	19.767549
6811	425438.808297	41.608287	-9.765889	4.579641	17.325168
6813	425440.891137	43.308046	9.726854	4.591893	20.406630
6815	425442.977734	41.216248	-9.319506	4.606380	19.641137
6817	425445.065211	43.551541	-12.713908	4.618616	18.722774
6819	425447.146176	43.266747	9.729708	4.590135	19.156145
6821	425449.229900	43.587228	9.629496	4.579993	19.598175
6823	425451.309362	44.258778	-9.033038	4.596711	19.500938
6825	425453.387082	38.329462	-13.026091	4.584935	20.445690
6827	425455.469251	41.398574	-8.975266	4.584252	17.544325
6829	425457.551201	41.755532	-9.062882	4.579270	19.400778
6831	425459.632365	39.572895	-12.353633	4.572413	21.707696
6833	425461.715187	42.853067	-9.069860	4.590564	18.737144
6835	425463.798704	41.375638	-9.257997	4.569728	19.856055
6837	425465.883043	42.188001	-9.017286	4.574022	19.910520
6839	425467.962807	42.167863	-12.186359	4.590387	20.850058
6841	425470.046433	43.747681	9.550247	4.583110	18.860590
6843	425472.127271	41.904402	-8.952120	4.566914	19.531587
6845	425474.212297	42.137234	-8.867343	4.578249	18.471141
6847	425476.293685	41.849433	-9.067740	4.578356	20.337853
6849	425478.378645	42.101153	-9.025296	4.568408	19.236132
6851	425480.462093	41.389175	-9.016350	4.566627	20.729994
6853	425482.548906	41.355209	-8.689892	4.568022	18.624097
6855	425484.632767	41.977094	-8.711503	4.565484	21.045801
6857	425486.713608	42.346874	-8.747115	4.563282	20.335919
6859	425488.795191	41.879808	-9.044859	4.558939	19.947487
6861	425490.872866	43.800797	9.518099	4.558685	21.178499
6863	425492.955270	42.866007	-8.791022	4.554161	19.247351
6865	425495.034994	41.847907	-11.924402	4.548316	20.815610
6867	425497.120341	44.077530	9.251441	4.561686	19.346990
6869	425499.201314	42.553312	-8.700640	4.556646	21.069070
6871	425501.287273	41.874173	-8.858689	4.552214	18.537921
6873	425503.370767	44.362526	9.114167	4.563098	21.228687
6875	425505.453845	43.807786	-8.605795	4.574239	19.981034
6877	425507.535851	40.381415	-12.331039	4.545395	20.833694
6879	425509.619201	42.489380	-8.740550	4.539654	19.831992
6881	425511.700234	42.560088	-8.524206	4.550432	21.928706
6883	425513.780799	42.344287	-8.794619	4.545536	18.648146
6885	425515.862405	42.653095	-8.462533	4.545450	20.978241
6887	425517.944671	42.647360	-8.401186	4.566853	20.426120
6889	425520.028044	42.617775	-8.368768	4.567598	20.935164
6891	425522.108203	42.617656	-8.541274	4.548778	20.873728
6893	425524.196072	41.773605	-8.606560	4.540446	18.950187
6895	425526.280919	42.723179	-8.209872	4.540259	19.852252
6897	425528.364176	42.225274	-8.129581	4.546146	21.474384
6899	425530.447367	44.233740	8.826541	4.549780	19.096461
6901	425532.529415	41.696333	-8.155603	4.541173	20.929381
6903	425534.610525	41.080632	-8.196993	4.544440	21.571154
6905	425536.691859	40.384389	-11.752447	4.530474	21.779477
6907	425538.771011	44.680002	9.182670	4.549225	20.573756
6909	425540.853279	44.365364	9.003076	4.549686	21.142859
6911	425542.936808	43.048712	-8.066504	4.567357	22.217691
6913	425545.016322	43.563717	-11.837525	4.565888	22.318392
6915	425547.100081	44.545508	9.239367	4.538827	18.863396
6917	425549.182266	43.260695	-8.160049	4.534443	22.118757
6919	425551.266372	43.090203	-8.256669	4.535950	22.181780
6921	425553.348002	43.112489	-8.078267	4.545402	21.713002
6923	425555.432087	43.186321	-8.239775	4.531692	19.511522
6925	425557.516571	46.230810	-11.990133	4.555413	21.182487
6927	425559.601104	42.942712	-7.874457	4.530814	20.723438
6929	425561.683540	44.609922	-7.883864	4.552356	20.456764
