time (s)	energy (uJ)	charge (mC)	voltage (mV)	crossing#mod 255
425690.568907	9.874612	0.004379	2.255012	140
425691.582989	12.074988	0.004420	2.731638	141
425692.633545	11.561381	0.004384	2.637269	142
425693.679079	10.920671	0.004375	2.496335	143
425694.727513	10.530358	0.004375	2.406841	144
425695.744079	12.385244	0.004378	2.829130	145
425696.824843	9.982792	0.004371	2.284071	146
425697.840522	11.432213	0.004369	2.616724	147
425698.888659	10.343693	0.004366	2.369114	148
425699.905669	12.152060	0.004386	2.770631	149
425700.986392	10.584617	0.004371	2.421430	150
425702.002697	11.982688	0.004383	2.733860	151
425703.084748	9.565747	0.004381	2.183374	152
425704.066616	13.611364	0.004376	3.110803	153
425705.150806	10.007012	0.004371	2.289580	154
425706.164812	12.378910	0.004377	2.828239	155
425707.213420	11.287286	0.004400	2.565379	156
425708.263479	11.679958	0.004396	2.656783	157
425709.312062	10.577283	0.004370	2.420690	158
425710.328105	13.365100	0.004379	3.051986	159
425711.408611	9.144621	0.004370	2.092670	160
425712.422421	11.779634	0.004372	2.694092	161
425713.470974	10.475264	0.004379	2.392388	162
425714.519083	11.068949	0.004373	2.530937	163
425715.569226	10.704915	0.004412	2.426459	164
425716.585765	12.320989	0.004382	2.811760	165
425717.635815	12.216117	0.004390	2.782695	166
425718.681839	10.901121	0.004396	2.479864	167
425719.729675	11.242264	0.004373	2.571092	168
425720.745251	12.705512	0.004376	2.903699	169
425721.825861	9.849264	0.004392	2.242787	170
425722.841881	11.410218	0.004412	2.586245	171
425723.890736	11.065249	0.004366	2.534287	172
425724.906759	12.599764	0.004372	2.881755	173
425725.988050	10.102288	0.004373	2.309941	174
425727.006850	11.551468	0.004394	2.628812	175
425728.053389	11.680299	0.004384	2.664024	176
425729.068250	12.943798	0.004363	2.966743	177
425730.149778	10.882828	0.004387	2.480890	178
425731.166326	12.418984	0.004384	2.832668	179
425732.214259	12.067673	0.004376	2.757989	180
425733.232464	13.117722	0.004374	2.999278	181
425734.312473	11.071514	0.004397	2.517764	182
425735.326482	12.756344	0.004375	2.915818	183
425736.376584	12.210757	0.004395	2.778540	184
425737.424415	10.669222	0.004374	2.439390	185
425738.472661	11.845727	0.004378	2.705676	186
425739.488697	13.405952	0.004370	3.067529	187
425740.570796	9.446789	0.004384	2.154944	188
425741.586844	11.251562	0.004389	2.563327	189
425742.634537	12.059945	0.004371	2.758878	190
425743.649727	14.153174	0.004377	3.233746	191
425744.733780	9.712508	0.004390	2.212432	192
425745.748306	12.376957	0.004414	2.804049	193
425746.796073	11.408925	0.004374	2.608441	194
425747.844321	11.259904	0.004371	2.575894	195
425748.894395	10.462071	0.004380	2.388505	196
425749.910408	12.613500	0.004382	2.878729	197
425750.956906	11.441301	0.004379	2.612693	198
425752.009029	11.785908	0.004396	2.680920	199
425753.055965	10.806907	0.004380	2.467366	200
425754.071993	12.774520	0.004383	2.914559	201
425755.152577	10.468398	0.004388	2.385489	202
425756.136615	13.864267	0.004386	3.160843	203
425757.216215	11.550433	0.004376	2.639532	204
425758.232625	12.736044	0.004372	2.913078	205
425759.314636	10.093555	0.004377	2.305935	206
425760.330696	10.977627	0.004374	2.509497	207
425761.377205	11.994064	0.004375	2.741339	208
425762.395242	13.388553	0.004384	3.054245	209
425763.474944	10.623360	0.004365	2.433594	210
425764.491319	11.721361	0.004380	2.675861	211
425765.539238	12.410279	0.004369	2.840599	212
425766.555160	13.911366	0.004371	3.182325	213
425767.637349	10.703500	0.004393	2.436524	214
425768.653400	12.187052	0.004392	2.774685	215
425769.703403	12.701508	0.004390	2.893507	216
425770.749979	10.937394	0.004381	2.496496	217
425771.800007	11.281482	0.004370	2.581374	218
425772.816544	12.645075	0.004368	2.894647	219
425773.894530	10.277767	0.004376	2.348556	220
425774.912633	11.221255	0.004378	2.563040	221
425775.961171	11.789793	0.004382	2.690640	222
425776.977126	12.969492	0.004371	2.967051	223
425778.059631	10.443728	0.004370	2.390130	224
425779.073647	11.769617	0.004384	2.684689	225
425780.122548	11.863914	0.004372	2.713565	226
425781.138572	13.501195	0.004368	3.091172	227
425782.218287	10.958103	0.004368	2.508540	228
425783.234594	12.664877	0.004379	2.891952	229
425784.284629	11.949527	0.004377	2.730136	230
425785.334687	12.867563	0.004365	2.947941	231
425786.381229	11.006310	0.004376	2.515182	232
425787.395742	13.216205	0.004382	3.015739	233
425788.443731	12.364521	0.004376	2.825701	234
425789.493818	11.618752	0.004383	2.650656	235
425790.541827	11.009527	0.004387	2.509569	236
425791.557855	13.420150	0.004376	3.066661	237
425792.608779	12.714043	0.004372	2.908228	238
425793.655349	12.033989	0.004384	2.744782	239
425794.703323	11.632405	0.004419	2.632619	240
425795.751293	11.271848	0.004372	2.577915	241
425796.802241	10.669909	0.004366	2.443737	242
425797.817416	12.249139	0.004372	2.802028	243
425798.865940	11.942882	0.004374	2.730371	244
425799.912838	11.227392	0.004373	2.567582	245
425800.960909	11.439134	0.004374	2.615035	246
425801.978986	12.623430	0.004375	2.885185	247
425803.025492	12.398048	0.004375	2.833661	248
425804.074023	11.520002	0.004375	2.632994	249
425805.126633	11.176127	0.004363	2.561605	250
425806.141266	13.060071	0.004397	2.970285	251
425807.187229	12.776425	0.004404	2.901295	252
425808.235775	11.549032	0.004366	2.645067	253
425809.285863	11.924341	0.004385	2.719053	254
425810.301881	13.702575	0.004378	3.129899	255
425811.349912	12.710105	0.004400	2.888362	0
425812.397593	12.167822	0.004381	2.777722	1
425813.446187	12.075367	0.004370	2.763520	2
425814.494479	10.761274	0.004371	2.461739	3
425815.548571	10.608219	0.004368	2.428449	4
425816.558556	13.082646	0.004360	3.000817	5
425817.608625	12.157659	0.004382	2.774745	6
425818.656226	11.246725	0.004369	2.574199	7
425819.704618	10.575238	0.004372	2.418966	8
425820.720601	13.300327	0.004372	3.042441	9
425821.768733	12.406887	0.004376	2.835021	10
425822.818812	11.724023	0.004397	2.666214	11
425823.865985	11.346455	0.004368	2.597337	12
425824.882908	13.144400	0.004390	2.993996	13
425825.962934	10.387788	0.004375	2.374501	14
425826.978974	11.303737	0.004373	2.584926	15
425828.031086	11.811337	0.004364	2.706400	16
425829.043575	13.290847	0.004373	3.039342	17
425830.127683	10.601828	0.004380	2.420754	18
425831.142240	11.701607	0.004392	2.664457	19
425832.191251	12.358597	0.004370	2.828047	20
425833.205161	13.903294	0.004367	3.183564	21
425834.289310	10.776104	0.004420	2.437997	22
425835.301840	11.984824	0.004373	2.740526	23
425836.351900	12.665525	0.004379	2.892492	24
425837.369976	13.786974	0.004374	3.151933	25
425838.447874	11.273681	0.004363	2.583965	26
425839.463887	12.392816	0.004367	2.837575	27
425840.515322	12.973906	0.004370	2.969030	28
425841.527435	14.231973	0.004383	3.247135	29
425842.609382	11.495152	0.004364	2.633946	30
425843.625394	12.682587	0.004373	2.900339	31
425844.709536	10.432183	0.004367	2.388602	32
425845.722437	11.294617	0.004363	2.588459	33
425846.773426	12.264660	0.004390	2.793792	34
425847.787956	13.285023	0.004379	3.033823	35
425848.868903	10.836059	0.004384	2.471891	36
425849.884970	11.933466	0.004396	2.714753	37
425850.932772	12.125816	0.004372	2.773267	38
425851.949549	13.683168	0.004395	3.113579	39
425853.029516	11.069911	0.004372	2.531855	40
425854.045504	12.957109	0.004374	2.962303	41
425855.096049	12.064221	0.004377	2.756525	42
425856.142547	10.798723	0.004367	2.472582	43
425857.192639	11.102456	0.004408	2.518825	44
425858.208639	13.332339	0.004387	3.039295	45
425859.256646	12.598433	0.004395	2.866362	46
425860.303598	11.878382	0.004393	2.704212	47
425861.353644	11.128837	0.004388	2.536151	48
425862.369736	13.555410	0.004387	3.089923	49
425863.418223	12.973796	0.004376	2.964550	50
425864.466232	11.680577	0.004379	2.667393	51
425865.514213	11.289561	0.004378	2.578653	52
425866.530182	13.475044	0.004362	3.088914	53
425867.578306	13.734648	0.004375	3.139526	54
425868.630357	11.942960	0.004381	2.725920	55
425869.676059	11.991666	0.004372	2.742841	56
425870.724320	10.834619	0.004371	2.478773	57
425871.772398	10.871856	0.004377	2.484049	58
425872.789010	12.538538	0.004372	2.867880	59
425873.839358	12.172064	0.004379	2.779573	60
425874.889455	10.835549	0.004379	2.474205	61
425875.935458	11.011650	0.004395	2.505695	62
425876.951436	13.038408	0.004380	2.976589	63
425878.001975	12.835581	0.004376	2.933342	64
425879.048568	11.581060	0.004389	2.638761	65
425880.096279	11.186646	0.004373	2.558186	66
425881.113105	13.809040	0.004423	3.121817	67
425882.161151	13.178948	0.004383	3.006745	68
425883.202938	12.423290	0.004375	2.839580	69
425884.261192	11.305628	0.004368	2.588233	70
425885.273594	14.033329	0.004373	3.208989	71
425886.355745	10.384333	0.004425	2.346515	72
425887.372267	12.117353	0.004376	2.769007	73
425888.420313	12.422141	0.004401	2.822593	74
425889.436842	13.912670	0.004376	3.179131	75
425890.516458	10.883238	0.004368	2.491832	76
425891.532899	12.227088	0.004379	2.792489	77
425892.580823	13.142449	0.004364	3.011687	78
425893.598932	14.708918	0.004383	3.356184	79
425894.680920	11.216378	0.004367	2.568405	80
425895.695006	12.160537	0.004373	2.780537	81
425896.775083	10.256624	0.004367	2.348834	82
425897.791610	10.878872	0.004391	2.477735	83
425898.839495	11.787838	0.004372	2.696149	84
425899.857612	12.639479	0.004392	2.877709	85
425900.937641	10.569107	0.004379	2.413649	86
425901.955677	11.015641	0.004375	2.517927	87
425903.002232	12.308111	0.004380	2.809969	88
425904.018258	12.951998	0.004375	2.960552	89
425905.098806	10.840590	0.004383	2.473575	90
425906.114874	11.449576	0.004385	2.611274	91
425907.162664	12.717356	0.004366	2.912499	92
425908.178968	13.561919	0.004381	3.095321	93
425909.263009	10.959576	0.004372	2.507036	94
425910.277001	11.803304	0.004376	2.697051	95
425911.324945	13.057369	0.004374	2.985297	96
425912.340992	14.764983	0.004392	3.361947	97
425913.423019	11.091568	0.004370	2.538002	98
425914.441798	11.556849	0.004357	2.652176	99
425915.484991	13.486827	0.004369	3.087024	100
425916.535105	10.774361	0.004390	2.454160	101
425917.582898	11.064585	0.004372	2.530509	102
425918.599168	13.151856	0.004380	3.002920	103
425919.648112	13.323217	0.004387	3.037106	104
425920.695826	11.394150	0.004372	2.606420	105
425921.744145	11.715233	0.004376	2.677008	106
425922.759736	14.033965	0.004373	3.208998	107
425923.808633	13.722913	0.004370	3.140597	108
425924.856726	12.106791	0.004372	2.769078	109
425925.906766	11.704985	0.004427	2.644108	110
425926.956765	10.242878	0.004373	2.342386	111
425928.002770	10.603126	0.004373	2.424588	112
425929.020824	12.522738	0.004391	2.851642	113
425930.068866	12.508947	0.004387	2.851326	114
425931.116905	10.946984	0.004395	2.490946	115
425932.167770	10.442418	0.004366	2.391668	116
425933.181002	13.009801	0.004383	2.968425	117
425934.228858	12.432405	0.004359	2.852184	118
425935.277028	10.950943	0.004371	2.505488	119
425936.327140	11.061506	0.004377	2.527386	120
425937.341627	12.896838	0.004364	2.955541	121
425938.389697	13.396359	0.004377	3.060890	122
425939.438626	11.689829	0.004375	2.671782	123
425940.488733	11.382040	0.004384	2.595993	124
425941.504756	14.476223	0.004376	3.308281	125
425942.554828	13.072907	0.004366	2.994091	126
425943.600664	11.611888	0.004367	2.659160	127
425944.648864	11.659464	0.004384	2.659788	128
425945.696862	10.627617	0.004375	2.429361	129
425946.746954	10.434578	0.004383	2.380547	130
425947.763500	12.058009	0.004375	2.755898	131
425948.812057	12.335099	0.004404	2.800881	132
425949.858969	10.589870	0.004372	2.422421	133
425950.909071	10.962985	0.004380	2.502803	134
425951.925087	12.243195	0.004384	2.792838	135
425952.973096	12.962795	0.004373	2.964101	136
425954.020891	10.616807	0.004370	2.429366	137
425955.070049	11.564990	0.004381	2.639736	138
425956.084535	12.450825	0.004355	2.858758	139
425957.168652	9.991419	0.004372	2.285442	140
425958.184676	10.229919	0.004384	2.333313	141
425959.230624	12.245768	0.004371	2.801580	142
425960.248696	12.900525	0.004384	2.942581	143
425961.328754	10.491331	0.004394	2.387451	144
425962.344807	11.080575	0.004374	2.533554	145
425963.393355	12.356368	0.004375	2.824335	146
425964.408210	13.201780	0.004371	3.020370	147
425965.492341	10.469385	0.004391	2.384356	148
425966.504857	10.581708	0.004367	2.423339	149
425967.556913	12.498704	0.004376	2.856354	150
425968.570961	13.352502	0.004374	3.052575	151
425969.650928	11.222762	0.004373	2.566242	152
425970.666896	11.777689	0.004369	2.695516	153
425971.714968	13.467813	0.004372	3.080434	154
425972.731011	14.016627	0.004368	3.208610	155
425973.812715	11.389227	0.004367	2.608234	156
425974.829675	12.108827	0.004395	2.755057	157
425975.909623	10.090637	0.004375	2.306295	158
425976.925612	10.566970	0.004369	2.418639	159
425977.973748	11.878494	0.004372	2.716680	160
425978.989760	13.015951	0.004378	2.973297	161
425980.074406	9.732807	0.004379	2.222593	162
425981.088443	11.327194	0.004391	2.579906	163
425982.136477	11.886996	0.004391	2.707184	164
425983.153022	13.507653	0.004383	3.081733	165
425984.234699	9.996464	0.004376	2.284558	166
425985.248791	12.086812	0.004384	2.756880	167
425986.300651	11.153573	0.004356	2.560795	168
425987.345597	9.946029	0.004371	2.275355	169
425988.395715	10.151284	0.004378	2.318480	170
425989.409729	12.437349	0.004387	2.835184	171
425990.459770	12.295128	0.004387	2.802927	172
425991.507425	10.756956	0.004370	2.461799	173
425992.555806	10.649872	0.004368	2.438064	174
