num crossings	time (s)	maj axis (mm)	min axis (mm)	theta (rad )	slope (V/s)
1227	70395.623579	32.466839	18.904307	-1.303034	3.037060
1229	70397.707005	32.296064	18.997261	-1.310138	5.505783
1231	70399.799869	32.001690	18.802349	-1.329644	5.840206
1233	70401.866797	32.641248	18.790096	-1.302239	10.309926
1235	70403.951960	30.246948	16.821024	-1.225571	6.501006
1237	70406.019683	33.738017	18.925097	-1.285179	8.914179
1239	70408.094098	32.952217	18.509977	-1.305140	2.392777
1241	70410.188508	30.286470	16.861851	-1.240586	9.512559
1243	70412.256669	32.994039	18.284888	-1.337912	11.219774
1245	70414.324523	33.011491	18.166822	-1.328979	5.426079
1247	70416.442947	31.275013	15.769741	-1.222602	9.937445
1249	70418.521839	33.184482	18.087765	-1.305321	13.404638
1251	70420.609696	33.290774	17.684234	-1.334847	8.756229
1253	70422.685369	34.820664	17.858044	-1.301664	5.373620
1255	70424.749630	34.314372	17.837759	-1.332219	11.220950
1257	70426.819555	35.035370	17.772441	-1.310299	4.997219
1259	70428.912370	33.844755	17.275929	-1.339500	8.015883
1261	70431.009121	34.183173	17.985806	-1.290326	12.050756
1263	70433.092957	33.642691	17.408272	-1.321975	10.210362
1265	70435.170976	32.695185	15.804914	-1.340113	10.163281
1267	70437.260935	35.535969	17.215794	-1.315921	6.540013
1269	70439.326931	35.502066	17.047640	-1.314851	12.386429
1271	70441.403738	34.254836	17.083782	-1.326981	9.073299
1273	70443.480221	31.905296	16.300261	-1.317574	4.118490
1275	70445.577310	34.492085	16.690275	-1.345930	8.447002
1277	70447.660067	34.348179	16.763444	-1.335343	12.023901
1279	70449.740220	34.260158	16.951461	-1.319339	12.526291
1281	70451.818110	32.736907	16.151120	-1.324261	12.348999
1283	70453.910534	34.619813	16.640381	-1.359946	8.126975
1285	70455.986308	38.210677	17.834403	-1.392565	11.180637
1287	70458.057686	36.382502	16.571789	-1.325603	12.389955
1289	70460.130117	35.325053	16.159938	-1.359142	6.733925
1291	70462.212080	35.260177	15.924061	-1.354633	9.617736
1293	70464.293960	35.584909	16.565664	-1.317559	7.876578
1295	70466.380062	34.945531	15.719434	-1.363108	7.353397
1297	70468.474861	35.251326	15.591522	-1.364784	8.032801
1299	70470.562070	35.104158	15.814948	-1.368694	9.446399
1301	70472.640354	37.482040	15.591093	-1.333072	10.722079
1303	70474.724800	37.573550	15.838295	-1.334630	9.585534
1305	70476.798619	38.414517	16.599339	-1.359870	13.996576
1307	70478.869807	37.786763	15.797003	-1.333747	14.214970
1309	70480.946871	36.411924	15.897817	-1.327022	9.512658
1311	70483.026476	35.360659	15.614200	-1.342251	9.072462
1313	70485.109685	36.057252	15.232614	-1.357651	9.243581
1315	70487.193919	37.074646	15.469202	-1.329406	11.963038
1317	70489.276404	36.396292	15.295930	-1.348242	11.206393
1319	70491.356313	36.248753	14.906017	-1.376577	13.061289
1321	70493.435250	36.861943	15.307489	-1.329892	9.572815
1323	70495.522917	36.501936	14.789774	-1.365732	10.112470
1325	70497.614664	36.847168	15.227221	-1.339393	13.813978
1327	70499.695770	36.481358	14.616016	-1.358258	16.493485
1329	70501.779017	36.599682	14.539772	-1.359745	13.547736
1331	70503.870510	36.769668	14.170248	-1.378892	10.321206
1333	70505.946843	37.815670	14.833517	-1.331251	14.612775
1335	70508.017126	35.653018	14.611060	-1.412420	15.296524
1337	70510.091617	39.087106	14.433053	-1.351406	7.065907
1339	70512.175541	39.039745	14.379652	-1.362944	13.266552
1341	70514.255692	36.892431	13.969976	-1.385787	14.253793
1343	70516.336283	37.172393	13.990112	-1.371908	11.404448
1345	70518.427703	37.353476	14.246630	-1.360568	10.171936
1347	70520.517449	37.487345	13.806416	-1.368045	15.200403
1349	70522.597883	35.215119	12.367570	-1.389041	16.620773
1351	70524.678151	39.497538	14.090182	-1.357695	15.428872
1353	70526.766034	39.351554	14.030980	-1.353074	12.434696
1355	70528.850438	37.949111	13.883027	-1.358200	12.290164
1357	70530.930130	39.266772	11.787159	-1.379094	15.541217
1359	70533.010386	42.064061	14.750146	-1.410308	15.993080
1361	70535.090123	40.124858	13.295404	-1.357073	14.980145
1363	70537.170779	41.087534	14.271687	-1.381660	13.536337
1365	70539.253139	38.442551	13.157886	-1.379580	12.994300
1367	70541.332235	39.530842	10.080785	-1.354760	15.748594
1369	70543.408072	38.840264	13.090903	-1.373366	16.525491
1371	70545.484952	38.173597	11.277884	-1.380763	16.785446
1373	70547.562989	38.905208	12.980398	-1.373342	13.608483
1375	70549.646609	38.815409	12.753946	-1.373667	16.206383
1377	70551.731549	39.169505	12.387366	-1.386950	13.417122
1379	70553.820473	43.751372	13.343247	-1.404872	12.395602
1381	70555.908380	37.031035	12.792399	-1.356932	14.395293
1383	70557.993718	39.298487	12.460313	-1.383406	15.380885
1385	70560.076507	39.328693	12.410995	-1.382863	14.907885
1387	70562.158038	42.694654	11.284594	-1.398152	17.339461
1389	70564.238100	41.740805	12.572430	-1.368686	17.608164
1391	70566.315233	39.481946	11.950261	-1.394094	17.372353
1393	70568.395284	41.719793	12.710077	-1.369143	16.014442
1395	70570.476874	40.114931	11.750869	-1.391767	16.299399
1397	70572.561704	40.239476	11.666886	-1.391235	16.397946
1399	70574.642889	40.181166	11.984288	-1.382915	17.645116
1401	70576.724756	40.238135	11.889234	-1.374529	16.884058
1403	70578.808922	39.286986	9.375243	-1.346928	17.477366
1405	70580.896222	41.485261	11.911298	-1.353680	16.265546
1407	70582.977818	39.564330	12.088458	-1.364160	17.031054
1409	70585.057894	39.507460	9.718640	-1.359313	16.962510
1411	70587.138231	42.729896	11.721148	-1.366979	18.373602
1413	70589.215877	40.904136	11.522295	-1.382145	16.371082
1415	70591.292489	40.611166	11.253342	-1.396647	17.283496
1417	70593.370182	43.023744	11.649879	-1.365991	16.657305
1419	70595.451383	40.377696	11.565447	-1.362863	16.511952
1421	70597.531452	48.340591	10.260665	-1.374246	18.448918
1423	70599.615879	45.706162	11.772066	-1.386797	18.970302
1425	70601.698885	41.427026	10.804711	-1.396018	18.749524
1427	70603.783760	41.294157	10.834835	-1.395775	18.339751
1429	70605.866672	45.597399	11.515997	-1.393102	19.597180
1431	70607.948895	39.321306	11.162248	-1.388081	20.023541
1433	70610.030390	38.371373	8.194906	-1.350714	19.422191
1435	70612.113251	44.070123	11.176477	-1.360089	19.457877
1437	70614.194463	42.146643	11.164080	-1.367867	19.278251
1439	70616.275283	42.817225	10.477684	-1.389031	19.146951
1441	70618.355015	45.096831	12.406436	-1.394069	19.621815
1443	70620.435044	42.454664	10.306755	-1.393606	19.736132
1445	70622.515627	42.214811	10.552323	-1.381271	19.871548
1447	70624.597460	37.679799	9.081550	-1.355008	19.074717
1449	70626.680621	42.739148	10.110023	-1.392064	19.005455
1451	70628.764818	42.637880	10.364059	-1.384324	19.513458
1453	70630.850738	42.597967	10.627634	-1.366811	19.666104
1455	70632.935838	38.904024	8.948287	-1.349920	21.375054
1457	70635.021449	45.395570	10.319959	-1.380414	21.684991
1459	70637.105716	42.971296	9.953625	-1.396023	21.009031
1461	70639.188672	45.436204	10.287757	-1.378831	20.401847
1463	70641.269924	43.462665	9.793305	-1.394281	20.941455
1465	70643.351602	43.559876	9.926513	-1.388741	21.603792
1467	70645.433100	50.566698	8.311266	-1.361610	20.318910
1469	70647.514260	47.551612	10.617157	-1.381844	21.187381
1471	70649.596498	46.235100	9.819880	-1.372680	21.437320
1473	70651.679328	46.276111	9.790012	-1.372766	22.496740
1475	70653.761873	46.779917	9.734177	-1.367815	21.077377
1477	70655.844806	43.745172	9.588661	-1.381141	21.679366
1479	70657.927335	44.240560	9.894294	-1.356385	21.346155
1481	70660.009219	44.330238	9.366187	-1.381581	21.559805
1483	70662.090065	46.216831	9.305620	-1.404530	22.333495
1485	70664.168262	44.267217	9.048647	-1.390228	21.447322
1487	70666.246114	45.008170	9.505225	-1.365917	22.305814
1489	70668.325165	45.162046	9.338815	-1.376808	21.097060
1491	70670.404285	42.597292	7.407435	-1.365872	21.481871
1493	70672.485445	46.774540	9.350008	-1.381420	22.658290
1495	70674.565787	47.264255	9.506461	-1.381309	22.705188
1497	70676.648078	47.421478	9.191811	-1.377589	21.243561
1499	70678.730132	45.191863	9.014808	-1.383191	22.782052
1501	70680.812879	45.173248	8.606909	-1.394688	23.004745
1503	70682.895020	45.811847	8.566422	-1.387609	22.824583
1505	70684.977786	45.533758	8.804140	-1.382045	21.780601
1507	70687.059520	45.744468	9.078435	-1.362078	22.431732
1509	70689.141068	45.248509	8.603560	-1.378273	23.790984
1511	70691.221850	41.450595	6.318815	-1.358043	24.385094
1513	70693.303990	45.791139	8.476822	-1.387326	23.630596
1515	70695.385733	45.813963	8.629615	-1.378767	23.378913
1517	70697.468251	47.705788	8.414021	-1.393197	27.359657
