time (s)	energy (uJ)	charge (mC)	voltage (mV)	crossing#mod 255
430400.901735	21.791903	0.010011	2.176805	62
430402.006122	17.867317	0.010030	1.781362	63
430402.998215	18.660469	0.010024	1.861617	64
430404.079954	18.669838	0.010012	1.864734	65
430405.045943	24.094957	0.010022	2.404279	66
430406.146611	19.732464	0.010002	1.972910	67
430407.158689	20.944313	0.009996	2.095355	68
430408.225760	20.906754	0.010002	2.090217	69
430409.258165	19.477343	0.010016	1.944640	70
430410.340669	18.211020	0.010003	1.820608	71
430411.321561	21.482538	0.010008	2.146627	72
430412.403339	21.336885	0.010002	2.133302	73
430413.418122	21.774956	0.010002	2.177022	74
430414.501285	18.508331	0.010029	1.845445	75
430415.516235	18.787281	0.009970	1.884456	76
430416.564587	22.032904	0.010002	2.202780	77
430417.580519	22.184534	0.009999	2.218738	78
430418.660391	19.407078	0.010020	1.936790	79
430419.652165	22.764223	0.010061	2.262580	80
430420.758776	19.541246	0.010009	1.952273	81
430421.797912	17.125948	0.010021	1.708976	82
430422.823529	22.433701	0.010000	2.243339	83
430423.839479	21.313379	0.009999	2.131447	84
430424.923406	19.971449	0.010019	1.993307	85
430425.936515	20.165802	0.009999	2.016874	86
430426.990431	22.482101	0.009987	2.251076	87
430428.000755	21.124910	0.010022	2.107887	88
430429.082617	23.327118	0.010016	2.329099	89
430430.097586	21.227079	0.010008	2.121061	90
430431.179354	18.563484	0.010003	1.855851	91
430432.162100	21.992018	0.009999	2.199380	92
430433.276171	20.043615	0.010002	2.003913	93
430434.258618	19.574791	0.009997	1.958029	94
430435.340378	23.402620	0.010007	2.338578	95
430436.356308	20.732174	0.010006	2.071939	96
430437.438061	18.624722	0.009993	1.863786	97
430438.422303	22.629112	0.009972	2.269211	98
430439.479876	26.164682	0.010002	2.615983	99
430440.540619	15.396722	0.010039	1.533670	100
430441.600611	20.567627	0.010012	2.054264	101
430442.615064	18.107960	0.009999	1.810909	102
430443.696834	20.323534	0.010002	2.031995	103
430444.679246	22.224985	0.010012	2.219944	104
430445.761012	21.649300	0.010001	2.164705	105
430446.777380	26.953079	0.010014	2.691477	106
430447.857792	18.729300	0.010001	1.872825	107
430448.840277	22.807400	0.010001	2.280511	108
430449.924193	21.980099	0.010001	2.197760	109
430450.937603	18.781841	0.010017	1.875056	110
430452.019302	22.549229	0.010009	2.252892	111
430453.036848	19.524567	0.010005	1.951442	112
430454.084022	24.201065	0.009998	2.420477	113
430455.099962	21.142750	0.009999	2.114439	114
430456.180559	23.003561	0.010014	2.297137	115
430457.196792	21.018642	0.009996	2.102751	116
430458.253729	22.927197	0.010017	2.288826	117
430459.293615	17.767664	0.010015	1.774151	118
430460.341870	23.122160	0.009993	2.313858	119
430461.359101	22.729826	0.010013	2.269964	120
430462.439840	18.180874	0.010004	1.817399	121
430463.457455	17.764439	0.009998	1.776810	122
430464.504360	23.447502	0.010001	2.344479	123
430465.520324	22.968761	0.009994	2.298169	124
430466.602331	21.121853	0.010016	2.108794	125
430467.618305	20.737537	0.010010	2.071655	126
430468.666394	23.838486	0.010016	2.380102	127
430469.716154	17.563595	0.009994	1.757384	128
430470.763077	21.597517	0.009997	2.160318	129
430471.778735	20.501371	0.009996	2.051018	130
430472.859313	20.607082	0.010003	2.060162	131
430473.877441	20.272831	0.010003	2.026577	132
430474.924351	24.357191	0.009997	2.436332	133
430475.941934	23.401487	0.009995	2.341223	134
430477.021155	20.188808	0.010019	2.014991	135
430478.037111	20.458101	0.010014	2.042850	136
430479.118890	17.253408	0.009998	1.725769	137
430480.154515	14.922302	0.009989	1.493837	138
430481.183061	23.222250	0.009999	2.322539	139
430482.199017	22.660524	0.009996	2.267051	140
430483.280837	18.334852	0.009976	1.837895	141
430484.295854	19.109804	0.010001	1.910860	142
430485.318638	28.752853	0.010019	2.869920	143
430486.392426	15.948714	0.009996	1.595473	144
430487.441842	20.097702	0.010002	2.009294	145
430488.457790	19.474209	0.009992	1.948989	146
430489.538370	17.300243	0.010014	1.727586	147
430490.555705	17.553085	0.010006	1.754327	148
430491.602897	22.221817	0.010044	2.212452	149
430492.620723	19.864523	0.009996	1.987196	150
430493.699680	19.928013	0.009978	1.997119	151
430494.719342	18.079504	0.010011	1.806026	152
430495.764453	25.417004	0.010011	2.539004	153
430496.780409	21.513691	0.010042	2.142346	154
430497.863805	20.812145	0.009989	2.083439	155
430498.878092	18.910217	0.009991	1.892660	156
430499.958653	17.494860	0.010014	1.747030	157
430500.943842	20.269062	0.009977	2.031513	158
430502.023163	23.788685	0.010017	2.374772	159
430503.039109	18.955143	0.010014	1.892935	160
430504.122523	18.892740	0.009992	1.890805	161
430505.160187	11.948280	0.009996	1.195250	162
430506.185376	22.721390	0.009988	2.274919	163
430507.221600	15.819945	0.009993	1.583161	164
430508.283289	19.015766	0.010003	1.901040	165
430509.298096	16.448950	0.009993	1.645965	166
430510.379958	22.552748	0.010029	2.248700	167
430511.418846	12.249034	0.010021	1.222292	168
430512.444044	22.646494	0.009998	2.265127	169
430513.460912	19.216015	0.009997	1.922085	170
430514.540559	16.909670	0.010016	1.688284	171
430515.556490	15.101516	0.010000	1.510102	172
430516.606069	20.601292	0.010008	2.058558	173
430517.622065	18.538652	0.010020	1.850215	174
430518.702739	19.273853	0.009992	1.928932	175
430519.720592	16.284973	0.009972	1.633038	176
430520.767277	22.582409	0.009969	2.265168	177
430521.815497	14.544559	0.009997	1.454831	178
430522.870153	18.384012	0.009969	1.844140	179
430523.883895	17.430954	0.009997	1.743659	180
430524.928800	22.718317	0.009990	2.274012	181
430525.977007	16.068308	0.009995	1.607682	182
430527.025842	20.386877	0.009991	2.040546	183
430528.041791	20.927914	0.009985	2.095893	184
430529.122851	16.024277	0.009987	1.604508	185
430530.139236	16.478939	0.010015	1.645409	186
430531.206407	17.252861	0.009990	1.726948	187
430532.235208	15.011599	0.009974	1.505031	188
430533.283840	18.685034	0.010054	1.858422	189
430534.301893	19.824697	0.009993	1.983805	190
430535.348818	22.299829	0.009994	2.231246	191
430536.397046	15.199839	0.010003	1.519586	192
430537.445307	18.215359	0.010013	1.819170	193
430538.461217	18.422930	0.009998	1.842573	194
430539.509514	22.257797	0.010010	2.223647	195
430540.562858	15.425627	0.009990	1.544103	196
430541.607203	20.202223	0.009999	2.020505	197
430542.626749	19.690603	0.009976	1.973744	198
430543.705393	16.877857	0.010012	1.685841	199
430544.722091	17.098835	0.009990	1.711538	200
430545.770650	20.225092	0.009990	2.024539	201
430546.817532	14.149014	0.009994	1.415697	202
430547.865797	17.593529	0.009997	1.759897	203
430548.881713	17.571037	0.009991	1.758763	204
430549.929989	22.245878	0.010013	2.221789	205
430550.955570	20.398592	0.010029	2.033996	206
430552.027724	18.365160	0.009993	1.837830	207
430553.021526	23.491234	0.009989	2.351655	208
430554.124271	16.358847	0.010008	1.634553	209
430555.140773	16.709990	0.009988	1.673076	210
430556.211261	16.016708	0.009987	1.603696	211
430557.204323	19.071444	0.010024	1.902672	212
430558.286548	17.793993	0.009971	1.784610	213
430559.301365	16.116224	0.009989	1.613348	214
430560.350816	21.818382	0.009994	2.183180	215
430561.399364	12.669603	0.009990	1.268278	216
430562.447602	19.594421	0.009995	1.960480	217
430563.463538	16.924780	0.009991	1.693952	218
430564.545377	15.469559	0.009995	1.547726	219
430565.559854	13.528578	0.009999	1.353053	220
430566.608933	20.305872	0.010015	2.027555	221
430567.624879	17.226629	0.009998	1.723066	222
430568.706653	17.035101	0.009989	1.705308	223
430569.722609	14.283404	0.010011	1.426732	224
430570.770806	21.539993	0.009994	2.155257	225
430571.786762	18.202707	0.009988	1.822376	226
430572.867327	17.731464	0.010007	1.771874	227
430573.883261	14.582036	0.010020	1.455326	228
430574.932672	22.074018	0.009965	2.215067	229
430575.980945	12.846210	0.009994	1.285372	230
430577.029513	18.781549	0.009988	1.880327	231
430578.045461	16.434452	0.009998	1.643845	232
430579.129898	14.854562	0.010002	1.485166	233
430580.143360	13.276202	0.009970	1.331661	234
430581.191044	19.655411	0.009991	1.967376	235
430582.207670	17.818344	0.010013	1.779506	236
430583.289649	15.599814	0.009996	1.560616	237
430584.303723	14.650941	0.009973	1.469131	238
430585.352577	20.217262	0.009990	2.023839	239
430586.402323	11.957905	0.010000	1.195829	240
430587.425213	20.949463	0.010002	2.094541	241
430588.465625	16.182812	0.009991	1.619735	242
430589.513400	20.357821	0.009993	2.037180	243
430590.565477	12.802682	0.010008	1.279183	244
430591.615271	16.227684	0.009993	1.623971	245
430592.626574	17.698137	0.010016	1.766965	246
430593.676010	21.045296	0.009982	2.108290	247
430594.723636	14.321298	0.010007	1.431098	248
430595.774593	17.020342	0.009984	1.704794	249
430596.787787	18.301271	0.009970	1.835659	250
430597.869555	14.964973	0.010011	1.494800	251
430598.886998	15.034595	0.010006	1.502603	252
430599.935528	18.523232	0.010010	1.850478	253
430600.982104	12.603910	0.009994	1.261164	254
430602.030886	15.760607	0.010021	1.572789	255
430603.046818	16.434397	0.010013	1.641294	0
430604.097146	18.901947	0.009987	1.892621	1
430605.146156	12.683388	0.009995	1.268927	2
430606.193288	16.145447	0.009995	1.615377	3
430607.209221	16.730494	0.009985	1.675625	4
430608.257433	20.677259	0.009987	2.070349	5
430609.305693	14.192518	0.009999	1.419357	6
430610.377791	13.012351	0.010015	1.299346	7
430611.371231	17.426229	0.010004	1.741957	8
430612.451918	14.247325	0.009995	1.425503	9
430613.487780	11.214231	0.009991	1.122411	10
430614.516124	18.343735	0.009993	1.835671	11
430615.564365	11.860808	0.009984	1.187961	12
430616.612656	15.739292	0.010022	1.570433	13
430617.629953	14.572230	0.010005	1.456517	14
430618.678041	19.383125	0.009989	1.940472	15
430619.726251	12.085965	0.009987	1.210219	16
430620.774015	16.824690	0.009979	1.686029	17
430621.790031	14.986549	0.009975	1.502456	18
430622.842953	19.727940	0.009983	1.976149	19
430623.892128	11.649388	0.009987	1.166404	20
430624.936358	18.398729	0.009990	1.841753	21
430625.951646	15.788337	0.010008	1.577544	22
430627.033376	15.138310	0.009973	1.517888	23
430628.049330	12.857581	0.009987	1.287470	24
430629.099114	19.460234	0.009999	1.946250	25
430630.113961	17.047800	0.009988	1.706796	26
430631.194673	15.777255	0.010012	1.575890	27
430632.210632	13.787826	0.009994	1.379672	28
430633.233294	27.247955	0.010004	2.723680	29
430634.274841	17.578581	0.010014	1.755328	30
430635.376985	13.634322	0.009988	1.365052	31
430636.377245	13.569828	0.009981	1.359537	32
430637.453712	13.930093	0.009991	1.394205	33
430638.469021	11.922816	0.010008	1.191372	34
430639.518496	17.888962	0.009986	1.791343	35
430640.556604	11.813183	0.010012	1.179947	36
430641.615002	13.804923	0.010000	1.380554	37
430642.631251	12.766821	0.009981	1.279078	38
430643.679492	18.455196	0.009991	1.847185	39
430644.670668	23.105215	0.010006	2.309207	40
430645.778155	14.479568	0.009995	1.448614	41
430646.793131	13.979346	0.009983	1.400306	42
430647.840464	17.325045	0.009986	1.734926	43
430648.889903	11.040956	0.009985	1.105736	44
430649.937823	15.124515	0.009980	1.515543	45
430650.955768	15.220733	0.009992	1.523330	46
430652.002621	19.114637	0.009990	1.913373	47
430653.050881	12.818147	0.009997	1.282167	48
430654.076379	20.503143	0.009993	2.051679	49
430655.090698	22.551481	0.010007	2.253510	50
430656.164523	19.298485	0.009986	1.932489	51
430657.212750	13.475284	0.009986	1.349360	52
430658.262489	16.097218	0.009983	1.612484	53
430659.278931	16.942785	0.009992	1.695647	54
430660.358140	13.807153	0.009996	1.381256	55
430661.375591	14.013383	0.010007	1.400297	56
430662.422674	17.385113	0.010000	1.738575	57
430663.470927	11.577741	0.009998	1.158040	58
430664.519220	14.301816	0.009982	1.432709	59
430665.536374	14.724890	0.009991	1.473861	60
430666.584341	17.991446	0.009966	1.805349	61
430667.636311	11.724631	0.009997	1.172856	62
430668.681327	14.941727	0.010001	1.494081	63
430669.697281	15.828587	0.009986	1.585137	64
430670.745591	18.688396	0.010044	1.860724	65
430671.795029	12.418599	0.009985	1.243770	66
430672.844919	15.127433	0.009990	1.514282	67
430673.859237	16.005754	0.009984	1.603182	68
430674.941211	13.122565	0.010002	1.312054	69
430675.956273	12.695954	0.009985	1.271473	70
430677.004828	17.245600	0.009987	1.726794	71
430678.019620	16.613449	0.009985	1.663862	72
430679.101353	14.503215	0.010010	1.448873	73
430680.117846	13.179502	0.009988	1.319562	74
430681.143185	24.148533	0.009974	2.421086	75
430682.214918	10.473008	0.009991	1.048294	76
430683.263158	15.698338	0.009988	1.571750	77
430684.282788	13.154370	0.009989	1.316856	78
430685.359939	12.772264	0.009995	1.277898	79
430686.375876	10.972235	0.010012	1.095927	80
430687.424150	16.966755	0.009998	1.696952	81
430688.440084	14.691068	0.010018	1.466419	82
430689.522364	13.608272	0.009986	1.362706	83
430690.537120	11.750358	0.010015	1.173239	84
430691.607803	13.511890	0.009985	1.353286	85
430692.602953	15.314566	0.010001	1.531348	86
430693.683907	16.073692	0.009989	1.609168	87
430694.704601	11.425382	0.009967	1.146295	88
430695.749873	17.101889	0.010016	1.707512	89
430696.796335	9.928233	0.009993	0.993505	90
430697.845981	14.790361	0.009995	1.479795	91
430698.860579	13.988514	0.010043	1.392885	92
430699.910925	18.472349	0.009978	1.851377	93
430700.962331	9.801057	0.009973	0.982807	94
430702.006190	15.764382	0.010023	1.572825	95
