num crossings	time (s)	maj axis (mm)	min axis (mm)	theta (rad )	slope (V/s)
8765	427469.206030	35.480231	13.610991	-1.513084	13.252510
8767	427471.290821	37.463397	16.218054	-1.508225	11.188708
8769	427473.387714	36.466183	16.002579	-1.565563	9.551402
8771	427475.461543	36.344305	16.156138	-1.553639	14.620344
8773	427477.554109	33.550015	13.650899	-1.482561	8.449260
8775	427479.632588	38.372101	16.151681	-1.513091	13.190335
8777	427481.720603	37.994341	15.893067	-1.499511	11.725748
8779	427483.799923	37.931156	15.790228	-1.488180	11.929127
8781	427485.886600	38.629532	15.870302	-1.503574	12.627203
8783	427487.972003	38.312140	15.764703	-1.484294	12.036108
8785	427490.053176	37.470077	16.185476	-1.500395	13.356568
8787	427492.135277	36.623566	15.555906	-1.523032	12.509069
8789	427494.215917	36.562227	15.619950	-1.522452	11.887964
8791	427496.298568	36.748998	15.517968	-1.507912	13.466388
8793	427498.379756	38.339901	13.062142	-1.504746	12.244342
8795	427500.465470	38.403408	15.727136	-1.493327	13.276681
8797	427502.555260	38.669845	15.219408	-1.479958	12.778277
8799	427504.643485	37.481051	15.025682	-1.506051	11.890294
8801	427506.725003	37.621788	14.942746	-1.505530	14.449600
8803	427508.809355	37.841804	15.202259	-1.463749	12.572625
8805	427510.889823	37.421416	14.851683	-1.491714	15.553685
8807	427512.969409	37.102998	15.073025	-1.483147	12.951227
8809	427515.052643	37.482766	12.732211	-1.456415	14.742922
8811	427517.130744	38.529997	15.326182	-1.440780	12.119084
8813	427519.218459	35.112131	12.839888	-1.439258	17.120601
8815	427521.301763	38.970039	14.635499	-1.453442	10.953722
8817	427523.387001	37.983529	14.346440	-1.473995	16.247249
8819	427525.468976	38.951877	14.431086	-1.451380	12.487039
8821	427527.550150	38.874630	14.521667	-1.446180	16.413836
8823	427529.639450	38.357813	14.125081	-1.438769	11.834955
8825	427531.718689	39.023700	14.530927	-1.453580	15.067191
8827	427533.806647	37.942966	14.028100	-1.458304	12.539852
8829	427535.890028	37.121573	13.907771	-1.467769	15.648638
8831	427537.976111	38.736818	11.610747	-1.430437	16.691288
8833	427540.061293	39.112036	14.316921	-1.432007	14.131659
8835	427542.147972	37.800878	13.690211	-1.449252	14.574331
8837	427544.235237	38.224303	13.334885	-1.451929	16.199366
8839	427546.316328	39.330410	14.539639	-1.391192	12.803199
8841	427548.399623	38.452116	13.251655	-1.442526	14.320980
8843	427550.477357	39.486374	13.665036	-1.428734	17.386794
8845	427552.555265	38.935651	13.497882	-1.431929	13.655059
8847	427554.641151	39.344675	13.922030	-1.401299	15.583485
8849	427556.728163	38.151575	13.227749	-1.435823	16.859520
8851	427558.808031	39.872351	10.415358	-1.405373	15.149973
8853	427560.895726	38.634110	13.151200	-1.428341	14.613937
8855	427562.982621	35.070705	11.201853	-1.368992	16.224838
8857	427565.064065	38.608934	12.931904	-1.424047	17.405393
8859	427567.144888	39.213520	12.938515	-1.409721	15.634964
8861	427569.230971	39.514350	13.513216	-1.386683	13.311063
8863	427571.313917	37.667853	10.628197	-1.373981	17.174194
8865	427573.394832	39.964901	13.454827	-1.374517	16.040542
8867	427575.477102	36.655797	10.586768	-1.364326	18.152903
8869	427577.557705	39.078933	12.838902	-1.400733	12.546256
8871	427579.644330	40.466517	12.758801	-1.384286	17.968739
8873	427581.727475	39.491791	12.679882	-1.381956	14.184627
8875	427583.820402	39.876654	13.081975	-1.356597	14.669599
8877	427585.900337	38.878241	12.268889	-1.399709	19.004813
8879	427587.990225	39.974555	12.978954	-1.371847	12.886712
8881	427590.067104	39.956476	13.123509	-1.336637	19.194899
8883	427592.154532	38.584488	10.127379	-1.356970	15.584874
8885	427594.229836	40.540827	12.506266	-1.358721	17.699013
8887	427596.312711	38.882551	12.979494	-1.347187	13.664988
8889	427598.400303	39.374165	12.245172	-1.356790	15.984684
8891	427600.479990	38.750715	12.034333	-1.374862	18.701305
8893	427602.562388	38.687703	11.962635	-1.375132	17.668947
8895	427604.643381	37.787441	11.828966	-1.369026	13.966846
8897	427606.732231	39.315463	11.994463	-1.354003	17.001908
8899	427608.814614	38.459231	8.978556	-1.323654	18.400417
8901	427610.895321	38.059965	12.128226	-1.358966	20.005081
8903	427612.979406	36.689565	7.491168	-1.287525	14.204624
8905	427615.066516	40.916253	11.888062	-1.344785	16.101997
8907	427617.151066	39.411707	11.613533	-1.356863	19.445153
8909	427619.235231	42.029382	9.080728	-1.344656	16.238353
8911	427621.316669	41.008784	12.038431	-1.333338	16.181914
8913	427623.406626	40.005770	11.234365	-1.344940	14.707098
8915	427625.483022	39.974655	11.510241	-1.347361	19.967390
8917	427627.567587	40.955853	12.057061	-1.323375	17.352748
8919	427629.646308	39.598500	11.269613	-1.345331	17.383127
8921	427631.724396	38.301015	9.882811	-1.320337	16.746522
8923	427633.811098	39.973078	11.088548	-1.343000	18.128447
8925	427635.892070	40.167561	11.202301	-1.337338	17.564032
8927	427637.974986	41.050028	11.352575	-1.318622	19.911234
8929	427640.061127	41.003915	11.182558	-1.320343	14.135019
8931	427642.144553	40.770028	12.228833	-1.253285	18.207968
8933	427644.228798	39.710226	10.818379	-1.327623	18.817586
8935	427646.308892	37.603084	7.999445	-1.274955	18.020836
8937	427648.394489	38.151499	11.158620	-1.319085	16.203796
8939	427650.474832	39.213452	8.479216	-1.292419	21.266264
8941	427652.558443	41.251491	10.985949	-1.311557	17.042730
8943	427654.638871	40.254557	10.746471	-1.322254	20.266306
8945	427656.727619	41.530649	10.807756	-1.304954	15.259966
8947	427658.810731	40.331537	10.510418	-1.315510	19.817363
8949	427660.894905	39.033199	11.081510	-1.290862	17.615646
8951	427662.982946	39.973743	10.351330	-1.313390	15.338184
8953	427665.065253	39.906783	10.197008	-1.321215	19.591718
8955	427667.149897	41.711964	10.823428	-1.289420	17.899375
8957	427669.230542	40.254075	10.184321	-1.311430	18.126954
8959	427671.313275	41.120701	10.701337	-1.288199	16.993039
8961	427673.393390	40.085453	10.138084	-1.303656	18.814799
8963	427675.479139	38.421714	6.179876	-1.242494	17.331893
8965	427677.561858	41.815182	10.417006	-1.286735	18.030062
8967	427679.643516	39.626754	10.879720	-1.264802	19.231494
8969	427681.727969	41.450802	6.838186	-1.262897	17.998999
8971	427683.809138	42.277989	10.942670	-1.278938	17.549769
8973	427685.895119	42.359652	10.303976	-1.269479	18.025139
8975	427687.978661	39.121616	10.733029	-1.260385	18.047861
8977	427690.061249	42.983411	7.789203	-1.285557	18.358414
8979	427692.146118	41.117951	10.391551	-1.261005	15.860657
8981	427694.227079	40.191509	9.655574	-1.281326	19.971570
8983	427696.311914	40.568940	9.631643	-1.280788	17.803497
8985	427698.391831	37.730327	7.858198	-1.251610	17.937835
8987	427700.471382	36.393096	9.649094	-1.278048	20.851192
8989	427702.553059	38.957387	7.540161	-1.250764	17.375431
8991	427704.633280	42.092098	9.858713	-1.269560	18.034745
8993	427706.718859	42.103764	9.952792	-1.269965	19.031912
8995	427708.799144	40.642856	9.635047	-1.273029	18.606583
8997	427710.884527	40.914632	7.779859	-1.264366	18.623477
8999	427712.968316	42.493061	9.705571	-1.268403	17.035303
9001	427715.050588	41.885945	10.201875	-1.266813	20.341309
9003	427717.132794	42.560220	9.856772	-1.231721	17.665097
9005	427719.215752	42.840088	7.086200	-1.253039	19.296960
9007	427721.300427	40.902515	9.665332	-1.237420	17.477490
9009	427723.380681	40.262629	7.516271	-1.249935	20.146782
9011	427725.463961	41.623404	9.364855	-1.246648	18.914112
9013	427727.548963	41.330517	9.104916	-1.257456	18.901581
9015	427729.634507	40.623892	9.701002	-1.227282	18.406293
9017	427731.718506	42.512742	8.002925	-1.271428	20.307942
9019	427733.804144	42.452884	9.094168	-1.235452	17.506842
9021	427735.887076	42.571125	9.216940	-1.235013	19.434122
9023	427737.971593	42.551699	9.172381	-1.235674	18.744643
9025	427740.052475	41.427958	9.184361	-1.228984	20.645252
9027	427742.136801	40.835630	8.951643	-1.251370	17.555520
9029	427744.218683	42.303219	9.663808	-1.233204	19.104605
9031	427746.302874	43.641149	9.238177	-1.207949	18.623732
9033	427748.384008	42.225237	5.382880	-1.215065	20.463222
9035	427750.468340	42.058264	9.124295	-1.209738	17.520099
9037	427752.550739	39.415278	5.851960	-1.207246	19.371784
9039	427754.636307	42.558284	9.070542	-1.209485	19.825915
9041	427756.716873	40.877647	6.182335	-1.219679	19.622331
9043	427758.801299	41.259541	8.620328	-1.236764	17.530165
9045	427760.883115	43.634397	8.949582	-1.233602	18.835104
9047	427762.962955	41.180313	8.425560	-1.235647	21.866720
9049	427765.043999	41.645084	6.031552	-1.215831	19.787845
9051	427767.124693	41.084961	8.699079	-1.210708	18.427457
9053	427769.207701	44.380367	7.123263	-1.237600	19.635112
9055	427771.288066	42.884761	8.379486	-1.224447	19.861595
