num crossings	time (s)	maj axis (mm)	min axis (mm)	theta (rad )	slope (V/s)
10407	429175.925552	33.934268	15.633091	-1.370269	9.188630
10409	429178.005859	34.987117	15.732895	-1.336488	6.949731
10411	429180.099810	35.517040	15.642582	-1.336755	11.100205
10413	429182.179162	35.372304	15.625877	-1.337055	12.526611
10415	429184.254866	34.997039	15.567208	-1.330311	9.619549
10417	429186.341857	35.269326	15.537102	-1.334503	7.945149
10419	429188.427152	35.135470	15.774185	-1.330655	8.915438
10421	429190.500523	34.976209	15.668093	-1.334772	9.881939
10423	429192.582875	35.992919	16.602256	-1.376341	9.524256
10425	429194.664719	35.275928	15.458792	-1.346530	12.111068
10427	429196.736025	35.567143	15.182121	-1.348148	9.502410
10429	429198.828265	35.072775	15.257325	-1.335057	11.598724
10431	429200.913111	35.430099	15.527548	-1.354784	11.774933
10433	429202.995931	35.321722	15.032854	-1.342055	8.941588
10435	429205.079227	35.140862	15.197758	-1.345559	11.951617
10437	429207.152489	36.061191	17.971298	-1.405441	9.611572
10439	429209.231029	35.467946	15.078912	-1.348098	9.473176
10441	429211.309347	35.987897	16.025421	-1.361159	10.017034
10443	429213.393479	35.194064	14.932695	-1.348259	10.558514
10445	429215.475321	35.524142	14.713444	-1.345407	11.050274
10447	429217.561365	35.208932	14.753958	-1.345144	10.952424
10449	429219.643048	35.242581	14.817862	-1.345836	12.342470
10451	429221.722922	35.547195	14.736988	-1.361326	9.556176
10453	429223.801724	35.265857	14.652364	-1.348730	10.578304
10455	429225.887680	35.625924	15.091968	-1.364726	10.868686
10457	429227.963118	35.684910	15.159196	-1.370877	11.021608
10459	429230.046950	34.733718	14.403515	-1.347281	11.215850
10461	429232.129438	34.007546	14.244955	-1.365820	10.322900
10463	429234.215396	31.656145	10.597435	-1.339816	11.837726
10465	429236.298785	33.856567	13.813242	-1.382901	9.928327
10467	429238.384202	36.134968	15.071271	-1.362985	9.880007
10469	429240.466514	36.126680	14.364299	-1.359629	13.345440
10471	429242.545439	35.593910	14.200033	-1.354422	9.320315
10473	429244.624701	34.818647	14.126355	-1.338301	10.937258
10475	429246.700036	37.663078	12.591208	-1.394755	12.186776
10477	429248.781161	36.241195	16.548711	-1.377589	10.550042
10479	429250.866278	35.815000	13.891277	-1.362398	11.822225
10481	429252.951053	36.163377	13.661672	-1.365204	12.256477
10483	429255.032452	35.879417	14.692775	-1.369254	10.497948
10485	429257.115547	35.710692	13.984506	-1.352877	11.809103
10487	429259.203299	36.368708	13.672787	-1.359236	12.123082
10489	429261.281300	35.738598	13.750723	-1.356516	12.168155
10491	429263.362182	36.110300	13.598042	-1.353467	11.789336
10493	429265.442514	36.088597	13.641279	-1.365697	11.163227
10495	429267.526773	35.912458	13.722560	-1.364215	11.565796
10497	429269.605310	35.943679	13.559614	-1.361319	12.492375
10499	429271.682142	36.500105	13.417786	-1.367498	11.849114
10501	429273.763766	36.331245	13.436318	-1.366744	11.808449
10503	429275.843671	36.368760	13.180058	-1.364609	10.163843
10505	429277.928666	35.983225	13.124030	-1.365349	12.058406
10507	429280.012803	36.120767	13.745376	-1.386464	11.106970
10509	429282.101807	36.724494	12.881299	-1.358189	11.159198
10511	429284.181714	36.840458	13.991085	-1.390492	12.867354
10513	429286.264028	36.484309	12.997347	-1.365790	12.118032
10515	429288.344021	36.216946	13.272744	-1.363451	13.074769
10517	429290.421359	36.146214	15.505311	-1.396758	11.639620
10519	429292.500949	36.053499	13.140023	-1.364817	11.407628
10521	429294.581345	36.701567	13.058685	-1.386656	12.533451
10523	429296.665287	36.302766	12.788240	-1.376922	12.769381
10525	429298.742942	36.538520	12.577012	-1.376346	11.446107
10527	429300.826747	36.172046	12.661785	-1.359381	12.453753
10529	429302.905958	36.405031	12.584071	-1.366419	11.646692
10531	429304.990848	33.024013	9.640623	-1.378466	13.449137
10533	429307.070248	36.563224	12.410102	-1.374187	11.987846
10535	429309.152588	37.457499	13.912948	-1.398794	13.449165
10537	429311.236034	34.669879	11.869676	-1.403334	11.851449
10539	429313.320126	36.346240	12.274349	-1.375324	12.637870
10541	429315.402139	36.863280	12.115244	-1.383932	12.988083
10543	429317.486257	36.840785	12.257378	-1.367014	12.610705
10545	429319.570890	36.770723	12.100931	-1.362688	12.865997
10547	429321.656327	36.660555	12.134807	-1.354619	12.173153
10549	429323.736444	36.637329	11.889699	-1.371341	14.441514
10551	429325.818518	36.782970	13.982616	-1.383575	11.532801
10553	429327.898261	37.102600	12.102027	-1.376828	12.513610
10555	429329.974208	36.836507	11.917374	-1.378431	12.882416
10557	429332.054953	37.490281	12.209876	-1.394261	12.813832
10559	429334.134783	37.026519	11.610601	-1.380357	12.509010
10561	429336.218499	36.964841	11.740394	-1.384688	13.579489
10563	429338.300150	37.585070	11.436624	-1.383131	12.533733
10565	429340.383883	37.342184	12.026210	-1.396839	13.376930
10567	429342.466756	37.207113	11.583445	-1.376203	12.956071
10569	429344.547804	37.385491	11.336566	-1.380567	12.469879
10571	429346.628898	37.374568	11.862965	-1.379804	12.900375
10573	429348.710369	36.972450	11.613517	-1.378672	13.761733
10575	429350.791030	37.551934	11.264138	-1.383732	13.394946
10577	429352.871250	37.501659	11.343618	-1.378948	13.795998
10579	429354.954325	37.465660	11.473369	-1.390128	12.812458
10581	429357.037430	37.218927	12.176985	-1.392366	14.251935
10583	429359.121498	35.248586	10.687409	-1.412579	12.598206
10585	429361.206756	37.177883	11.058278	-1.380058	13.537284
10587	429363.290676	36.591420	11.117900	-1.371712	12.907817
10589	429365.371563	44.139664	9.194469	-1.425720	14.313350
10591	429367.453840	35.055783	10.473631	-1.415883	13.749134
10593	429369.534339	37.214219	11.095904	-1.386463	13.685071
10595	429371.615156	37.123251	10.903163	-1.378909	14.185430
10597	429373.695097	36.925273	8.764650	-1.419424	13.664194
10599	429375.776663	37.389782	10.966237	-1.385978	13.848270
10601	429377.858180	37.822199	11.239289	-1.395732	13.231474
10603	429379.938681	37.808248	11.124935	-1.403148	13.593076
10605	429382.020698	37.301450	10.706328	-1.390137	14.903895
10607	429384.103398	37.943266	11.736830	-1.412284	13.868480
10609	429386.185873	37.795096	10.540108	-1.389571	13.511214
10611	429388.267111	38.599610	11.551768	-1.403063	15.218455
10613	429390.350562	37.712348	10.557404	-1.389206	13.562348
10615	429392.432510	37.952580	11.113408	-1.404463	13.604897
10617	429394.516512	37.940369	10.370412	-1.385314	15.303469
10619	429396.599392	37.945102	10.287028	-1.383547	13.934316
10621	429398.680509	38.345295	10.174307	-1.387998	14.882104
10623	429400.765956	38.517999	10.836820	-1.405691	12.464786
10625	429402.843142	37.930103	10.165948	-1.391613	15.663337
10627	429404.923612	37.968905	10.382897	-1.387354	14.134872
10629	429407.003789	37.844102	10.138144	-1.399211	13.724632
10631	429409.081044	36.712540	9.552056	-1.419358	14.587534
10633	429411.162717	38.634553	10.739331	-1.414383	14.921903
10635	429413.243456	38.001526	9.930440	-1.394235	14.499780
10637	429415.327776	37.924544	9.905731	-1.395797	15.700357
10639	429417.406394	38.228115	11.284587	-1.404022	14.332797
10641	429419.491698	36.236226	9.387912	-1.416515	15.107601
10643	429421.574336	38.618007	10.196363	-1.380871	13.694556
10645	429423.656853	38.542635	10.699952	-1.401213	14.020783
10647	429425.736715	38.184290	9.641573	-1.393570	14.641169
10649	429427.818330	38.060376	9.845866	-1.386512	14.702459
10651	429429.901497	38.214250	9.648327	-1.394062	13.640173
10653	429431.984100	38.131433	9.610186	-1.395603	15.523050
10655	429434.068711	38.266623	9.506085	-1.391651	15.362936
10657	429436.151708	39.039008	11.998687	-1.427587	13.629440
10659	429438.238194	38.211021	9.472061	-1.390007	13.395312
10661	429440.318888	38.522653	11.505490	-1.400469	15.530413
10663	429442.401113	38.788737	10.332325	-1.405043	14.755414
10665	429444.482202	38.577573	9.453315	-1.395328	14.819554
10667	429446.564980	39.121820	9.835066	-1.401314	14.321105
10669	429448.645021	36.801575	8.707901	-1.419184	15.724456
10671	429450.726748	36.486927	8.702620	-1.420965	14.259826
10673	429452.809791	35.767471	8.710282	-1.422470	14.935491
10675	429454.891421	38.364104	9.332070	-1.389149	14.804734
10677	429456.971947	38.835246	9.277207	-1.390001	16.393799
10679	429459.055895	38.640403	9.224864	-1.392211	14.433333
10681	429461.137810	38.475101	10.356100	-1.390564	16.131571
10683	429463.221920	39.882849	9.626644	-1.391214	14.747120
10685	429465.301046	38.719936	9.326270	-1.397403	16.050536
10687	429467.385218	39.297628	8.890880	-1.386654	13.694948
10689	429469.464729	39.042961	8.863954	-1.388866	15.953763
10691	429471.546770	38.785308	8.883842	-1.391604	14.645605
10693	429473.627506	38.553011	8.878051	-1.394630	14.224071
10695	429475.706191	36.004837	8.221464	-1.426609	15.462467
10697	429477.787044	40.096946	9.698658	-1.417468	15.701520
10699	429479.866365	39.109687	10.234465	-1.406275	14.437313
